707
1 80 12
2 4 9
2 62 9
3 41 7
3 55 5
3 72 1
5 48 12
6 87 1
7 52 5
7 96 3
8 64 7
8 90 19
9 51 21
12 43 1
12 61 6
12 74 8
12 85 6
12 88 9
13 69 18
13 98 1
14 18 5
15 23 7
16 57 6
17 6 5
17 47 9
18 100 6
19 2 6
19 37 17
19 38 1
19 39 1
22 63 9
23 35 6
24 65 18
24 93 13
25 13 7
25 26 2
25 50 4
25 92 6
29 40 2
29 58 1
32 9 4
32 84 5
33 10 15
33 94 1
34 71 8
38 30 14
39 20 2
41 81 5
42 11 9
43 97 5
44 75 14
45 42 7
47 28 14
49 54 12
50 68 5
50 95 7
52 53 6
53 66 1
55 16 5
55 76 3
56 33 4
56 78 14
56 82 6
57 7 2
57 32 7
58 99 2
59 27 13
59 46 7
60 8 9
61 77 4
62 60 7
66 17 13
67 73 15
67 83 1
67 86 4
68 45 6
70 12 2
70 15 5
75 59 18
76 36 9
80 3 2
84 24 11
85 19 7
85 22 4
86 70 4
86 79 1
87 34 8
90 89 35
91 21 5
92 14 4
92 44 5
94 25 1
95 31 8
96 56 7
96 67 4
98 5 11
98 29 1
98 91 6
100 49 2
